1 -1 -1 6 3 7 1 9 6 6 1 1 1 -1 
0.9355633802816902 0.49945945945945946 0.8284196547144754
1 -1 -1 6 3 7 1 9 -1 6 1 1 1 -1 
0.9342429577464789 0.5078378378378379 0.8294820717131474
1 -1 -1 6 3 -1 1 9 -1 6 1 1 1 -1 
0.8588908450704226 0.6827027027027027 0.8156042496679947
1 -1 -1 6 3 -1 1 -1 -1 6 1 1 1 -1 
0.8403169014084507 0.7032432432432433 0.8066401062416999
1 -1 -1 6 3 -1 1 -1 -1 -1 1 1 1 -1 
0.8323943661971831 0.7064864864864865 0.8014608233731739
1 -1 -1 6 -1 -1 1 -1 -1 -1 1 1 1 -1 
0.8595070422535211 0.6945945945945946 0.8189907038512616
1 -1 -1 -1 -1 -1 1 -1 -1 -1 1 1 1 -1 
0.8762323943661972 0.6775675675675675 0.8274236387782204
1 -1 -1 -1 -1 -1 -1 -1 -1 -1 1 1 1 -1 
0.8775528169014084 0.6678378378378378 0.8260292164674635
1 -1 -1 -1 -1 -1 -1 -1 -1 -1 -1 1 1 -1 
0.8770246478873239 0.6683783783783783 0.8257636122177955
1 -1 -1 -1 -1 -1 -1 -1 -1 -1 -1 -1 1 -1 
0.8762323943661972 0.6667567567567567 0.8247675962815405
1 -1 -1 -1 -1 -1 -1 -1 -1 -1 -1 -1 -1 -1 
0.8751760563380282 0.6735135135135135 0.8256308100929615
-1 -1 -1 -1 -1 -1 -1 -1 -1 -1 -1 -1 -1 -1 
0.8733274647887324 0.6745945945945946 0.8245019920318725
